6 - (-1, -1)
37 - (-1, -1)
6 - (-1, -1)
0 - (60, 0)
37 - (-1, -1)
6 - (-1, -1)
0 - (27, 0)
37 - (-1, -1)
0 - (40, 0)
24 - (-1, -1)
4 - (-1, -1)
31 - (-1, -1)
32 - (-1, -1)
37 - (-1, -1)
0 - (60, 0)
24 - (-1, -1)
4 - (-1, -1)
31 - (-1, -1)
32 - (-1, -1)
37 - (-1, -1)
0 - (27, 0)
24 - (-1, -1)
4 - (-1, -1)
31 - (-1, -1)
32 - (-1, -1)
37 - (-1, -1)
6 - (-1, -1)
0 - (31, 0)
24 - (-1, -1)
0 - (40, 0)
37 - (-1, -1)
2 - (-1, -1)
31 - (-1, -1)
0 - (60, 0)
26 - (-1, -1)
0 - (53, 0)
32 - (-1, -1)
35 - (-1, -1)
0 - (53, 0)
24 - (-1, -1)
0 - (60, 0)
37 - (-1, -1)
36 - (-1, -1)
2 - (-1, -1)
31 - (-1, -1)
0 - (27, 0)
26 - (-1, -1)
0 - (53, 0)
32 - (-1, -1)
35 - (-1, -1)
0 - (53, 0)
24 - (-1, -1)
0 - (27, 0)
37 - (-1, -1)
36 - (-1, -1)
18 - (-1, -1)
31 - (-1, -1)
0 - (53, 0)
32 - (-1, -1)
37 - (-1, -1)
