6 - (-1, -1)
0 - (9, 0)
24 - (-1, -1)
4 - (-1, -1)
31 - (-1, -1)
32 - (-1, -1)
37 - (-1, -1)
6 - (-1, -1)
0 - (0, 0)
24 - (-1, -1)
1 - (50, 0)
37 - (-1, -1)
6 - (-1, -1)
0 - (24, 0)
24 - (-1, -1)
1 - (49, 0)
37 - (-1, -1)
7 - (-1, -1)
31 - (-1, -1)
0 - (24, 0)
29 - (-1, -1)
1 - (49, 0)
0 - (51, 0)
0 - (0, 0)
27 - (-1, -1)
0 - (9, 0)
22 - (-1, -1)
1 - (50, 0)
32 - (-1, -1)
35 - (-1, -1)
2 - (-1, -1)
31 - (-1, -1)
0 - (9, 0)
23 - (-1, -1)
0 - (0, 0)
29 - (-1, -1)
1 - (48, 0)
32 - (-1, -1)
35 - (-1, -1)
0 - (24, 0)
24 - (-1, -1)
1 - (48, 0)
37 - (-1, -1)
36 - (-1, -1)
0 - (0, 0)
24 - (-1, -1)
0 - (0, 0)
19 - (-1, -1)
1 - (49, 0)
37 - (-1, -1)
36 - (-1, -1)
18 - (-1, -1)
31 - (-1, -1)
0 - (24, 0)
32 - (-1, -1)
37 - (-1, -1)
