6 - (-1, -1)
0 - (33, 0)
24 - (-1, -1)
4 - (-1, -1)
31 - (-1, -1)
32 - (-1, -1)
37 - (-1, -1)
6 - (-1, -1)
0 - (34, 0)
24 - (-1, -1)
4 - (-1, -1)
31 - (-1, -1)
32 - (-1, -1)
37 - (-1, -1)
6 - (-1, -1)
0 - (6, 0)
24 - (-1, -1)
1 - (49, 0)
37 - (-1, -1)
6 - (-1, -1)
0 - (31, 0)
24 - (-1, -1)
0 - (33, 0)
37 - (-1, -1)
2 - (-1, -1)
31 - (-1, -1)
0 - (34, 0)
25 - (-1, -1)
0 - (33, 0)
32 - (-1, -1)
35 - (-1, -1)
0 - (31, 0)
24 - (-1, -1)
0 - (34, 0)
37 - (-1, -1)
36 - (-1, -1)
2 - (-1, -1)
31 - (-1, -1)
0 - (33, 0)
23 - (-1, -1)
0 - (31, 0)
29 - (-1, -1)
1 - (48, 0)
0 - (51, 0)
0 - (34, 0)
23 - (-1, -1)
0 - (31, 0)
29 - (-1, -1)
1 - (48, 0)
32 - (-1, -1)
35 - (-1, -1)
18 - (-1, -1)
31 - (-1, -1)
0 - (31, 0)
32 - (-1, -1)
37 - (-1, -1)
10 - (-1, -1)
37 - (-1, -1)
36 - (-1, -1)
7 - (-1, -1)
31 - (-1, -1)
0 - (31, 0)
26 - (-1, -1)
1 - (48, 0)
0 - (51, 0)
0 - (6, 0)
29 - (-1, -1)
1 - (49, 0)
32 - (-1, -1)
35 - (-1, -1)
0 - (31, 0)
20 - (-1, -1)
20 - (-1, -1)
37 - (-1, -1)
2 - (-1, -1)
31 - (-1, -1)
0 - (33, 0)
23 - (-1, -1)
0 - (31, 0)
29 - (-1, -1)
1 - (48, 0)
0 - (51, 0)
0 - (34, 0)
23 - (-1, -1)
0 - (31, 0)
29 - (-1, -1)
1 - (48, 0)
32 - (-1, -1)
35 - (-1, -1)
0 - (6, 0)
24 - (-1, -1)
1 - (48, 0)
37 - (-1, -1)
36 - (-1, -1)
36 - (-1, -1)
18 - (-1, -1)
31 - (-1, -1)
0 - (31, 0)
32 - (-1, -1)
37 - (-1, -1)
